49
0 .5 .5 0 0 0 0 0 0 0 0 0 0 0 0 0 0 0 0 0 0 0 0 0 0 0 0 0 0 0 0 0 0 0 0 0 0 0 0 0 0 0 0 0 0 0 0 0 0
.333333333333333 0 .333333333333333 .333333333333333 0 0 0 0 0 0 0 0 0 0 0 0 0 0 0 0 0 0 0 0 0 0 0 0 0 0 0 0 0 0 0 0 0 0 0 0 0 0 0 0 0 0 0 0 0
.25 .25 0 .25 .25 0 0 0 0 0 0 0 0 0 0 0 0 0 0 0 0 0 0 0 0 0 0 0 0 0 0 0 0 0 0 0 0 0 0 0 0 0 0 0 0 0 0 0 0
0 .25 .25 0 .25 0 0 .25 0 0 0 0 0 0 0 0 0 0 0 0 0 0 0 0 0 0 0 0 0 0 0 0 0 0 0 0 0 0 0 0 0 0 0 0 0 0 0 0 0
0 0 .125 .125 0 .125 0 .125 .125 0 .125 0 0 0 .125 .125 0 0 0 0 0 0 0 0 0 0 0 0 0 0 0 0 0 0 0 0 0 0 0 0 0 0 0 0 0 0 0 0 0
0 0 0 0 .5 0 0 0 .5 0 0 0 0 0 0 0 0 0 0 0 0 0 0 0 0 0 0 0 0 0 0 0 0 0 0 0 0 0 0 0 0 0 0 0 0 0 0 0 0
0 0 0 0 0 0 0 .25 0 0 0 .25 .25 .25 0 0 0 0 0 0 0 0 0 0 0 0 0 0 0 0 0 0 0 0 0 0 0 0 0 0 0 0 0 0 0 0 0 0 0
0 0 0 .166666666666667 .166666666666667 0 .166666666666667 0 0 0 .166666666666667 .166666666666667 .166666666666667 0 0 0 0 0 0 0 0 0 0 0 0 0 0 0 0 0 0 0 0 0 0 0 0 0 0 0 0 0 0 0 0 0 0 0 0
0 0 0 0 .125 .125 0 0 0 .125 0 0 0 0 .125 0 0 0 0 .125 0 .125 0 0 .125 .125 0 0 0 0 0 0 0 0 0 0 0 0 0 0 0 0 0 0 0 0 0 0 0
0 0 0 0 0 0 0 0 .25 0 0 0 0 0 0 0 .25 0 0 .25 0 .25 0 0 0 0 0 0 0 0 0 0 0 0 0 0 0 0 0 0 0 0 0 0 0 0 0 0 0
0 0 0 0 .2 0 0 .2 0 0 0 .2 0 0 .2 .2 0 0 0 0 0 0 0 0 0 0 0 0 0 0 0 0 0 0 0 0 0 0 0 0 0 0 0 0 0 0 0 0 0
0 0 0 0 0 0 .166666666666667 .166666666666667 0 0 .166666666666667 0 .166666666666667 .166666666666667 0 .166666666666667 0 0 0 0 0 0 0 0 0 0 0 0 0 0 0 0 0 0 0 0 0 0 0 0 0 0 0 0 0 0 0 0 0
0 0 0 0 0 0 .25 .25 0 0 0 .25 0 .25 0 0 0 0 0 0 0 0 0 0 0 0 0 0 0 0 0 0 0 0 0 0 0 0 0 0 0 0 0 0 0 0 0 0 0
0 0 0 0 0 0 .166666666666667 0 0 0 0 .166666666666667 .166666666666667 0 0 .166666666666667 0 .166666666666667 .166666666666667 0 0 0 0 0 0 0 0 0 0 0 0 0 0 0 0 0 0 0 0 0 0 0 0 0 0 0 0 0 0
0 0 0 0 .166666666666667 0 0 0 .166666666666667 0 .166666666666667 0 0 0 0 .166666666666667 0 0 0 0 0 0 0 0 .166666666666667 .166666666666667 0 0 0 0 0 0 0 0 0 0 0 0 0 0 0 0 0 0 0 0 0 0 0
0 0 0 0 .125 0 0 0 0 0 .125 .125 0 .125 .125 0 0 .125 0 0 0 0 0 .125 .125 0 0 0 0 0 0 0 0 0 0 0 0 0 0 0 0 0 0 0 0 0 0 0 0
0 0 0 0 0 0 0 0 0 .333333333333333 0 0 0 0 0 0 0 0 0 .333333333333333 0 0 .333333333333333 0 0 0 0 0 0 0 0 0 0 0 0 0 0 0 0 0 0 0 0 0 0 0 0 0 0
0 0 0 0 0 0 0 0 0 0 0 0 0 .25 0 .25 0 0 .25 0 0 0 0 .25 0 0 0 0 0 0 0 0 0 0 0 0 0 0 0 0 0 0 0 0 0 0 0 0 0
0 0 0 0 0 0 0 0 0 0 0 0 0 .333333333333333 0 0 0 .333333333333333 0 0 0 0 0 .333333333333333 0 0 0 0 0 0 0 0 0 0 0 0 0 0 0 0 0 0 0 0 0 0 0 0 0
0 0 0 0 0 0 0 0 .1 .1 0 0 0 0 0 0 .1 0 0 0 0 .1 .1 0 0 0 .1 0 0 0 0 .1 .1 0 .1 0 0 0 0 .1 0 0 0 0 0 0 0 0 0
0 0 0 0 0 0 0 0 0 0 0 0 0 0 0 0 0 0 0 0 0 0 0 .333333333333333 0 0 0 0 0 .333333333333333 0 0 0 .333333333333333 0 0 0 0 0 0 0 0 0 0 0 0 0 0 0
0 0 0 0 0 0 0 0 .166666666666667 .166666666666667 0 0 0 0 0 0 0 0 0 .166666666666667 0 0 0 0 0 .166666666666667 .166666666666667 .166666666666667 0 0 0 0 0 0 0 0 0 0 0 0 0 0 0 0 0 0 0 0 0
0 0 0 0 0 0 0 0 0 0 0 0 0 0 0 0 .333333333333333 0 0 .333333333333333 0 0 0 0 0 0 0 0 0 0 0 .333333333333333 0 0 0 0 0 0 0 0 0 0 0 0 0 0 0 0 0
0 0 0 0 0 0 0 0 0 0 0 0 0 0 0 .142857142857143 0 .142857142857143 .142857142857143 0 .142857142857143 0 0 0 .142857142857143 0 0 0 .142857142857143 .142857142857143 0 0 0 0 0 0 0 0 0 0 0 0 0 0 0 0 0 0 0
0 0 0 0 0 0 0 0 .125 0 0 0 0 0 .125 .125 0 0 0 0 0 0 0 .125 0 .125 0 .125 .125 .125 0 0 0 0 0 0 0 0 0 0 0 0 0 0 0 0 0 0 0
0 0 0 0 0 0 0 0 .166666666666667 0 0 0 0 0 .166666666666667 0 0 0 0 0 0 .166666666666667 0 0 .166666666666667 0 0 .166666666666667 .166666666666667 0 0 0 0 0 0 0 0 0 0 0 0 0 0 0 0 0 0 0 0
0 0 0 0 0 0 0 0 0 0 0 0 0 0 0 0 0 0 0 .25 0 .25 0 0 0 0 0 .25 0 0 0 0 .25 0 0 0 0 0 0 0 0 0 0 0 0 0 0 0 0
0 0 0 0 0 0 0 0 0 0 0 0 0 0 0 0 0 0 0 0 0 .111111111111111 0 0 .111111111111111 .111111111111111 .111111111111111 0 .111111111111111 0 0 0 .111111111111111 0 .111111111111111 0 .111111111111111 .111111111111111 0 0 0 0 0 0 0 0 0 0 0
0 0 0 0 0 0 0 0 0 0 0 0 0 0 0 0 0 0 0 0 0 0 0 .142857142857143 .142857142857143 .142857142857143 0 .142857142857143 0 .142857142857143 0 0 0 0 0 0 .142857142857143 .142857142857143 0 0 0 0 0 0 0 0 0 0 0
0 0 0 0 0 0 0 0 0 0 0 0 0 0 0 0 0 0 0 0 .2 0 0 .2 .2 0 0 0 .2 0 0 0 0 0 0 0 .2 0 0 0 0 0 0 0 0 0 0 0 0
0 0 0 0 0 0 0 0 0 0 0 0 0 0 0 0 0 0 0 0 0 0 0 0 0 0 0 0 0 0 0 0 0 .333333333333333 0 .333333333333333 0 0 .333333333333333 0 0 0 0 0 0 0 0 0 0
0 0 0 0 0 0 0 0 0 0 0 0 0 0 0 0 0 0 0 .25 0 0 .25 0 0 0 0 0 0 0 0 0 0 0 0 0 0 0 0 .25 .25 0 0 0 0 0 0 0 0
0 0 0 0 0 0 0 0 0 0 0 0 0 0 0 0 0 0 0 .25 0 0 0 0 0 0 .25 .25 0 0 0 0 0 0 .25 0 0 0 0 0 0 0 0 0 0 0 0 0 0
0 0 0 0 0 0 0 0 0 0 0 0 0 0 0 0 0 0 0 0 .25 0 0 0 0 0 0 0 0 0 .25 0 0 0 0 .25 0 0 0 0 0 .25 0 0 0 0 0 0 0
0 0 0 0 0 0 0 0 0 0 0 0 0 0 0 0 0 0 0 .142857142857143 0 0 0 0 0 0 0 .142857142857143 0 0 0 0 .142857142857143 0 0 0 0 .142857142857143 0 .142857142857143 0 0 .142857142857143 .142857142857143 0 0 0 0 0
0 0 0 0 0 0 0 0 0 0 0 0 0 0 0 0 0 0 0 0 0 0 0 0 0 0 0 0 0 0 .2 0 0 .2 0 0 0 0 .2 0 0 .2 0 0 0 .2 0 0 0
0 0 0 0 0 0 0 0 0 0 0 0 0 0 0 0 0 0 0 0 0 0 0 0 0 0 0 .166666666666667 .166666666666667 .166666666666667 0 0 0 0 0 0 0 .166666666666667 0 0 0 0 .166666666666667 0 .166666666666667 0 0 0 0
0 0 0 0 0 0 0 0 0 0 0 0 0 0 0 0 0 0 0 0 0 0 0 0 0 0 0 .166666666666667 .166666666666667 0 0 0 0 0 .166666666666667 0 .166666666666667 0 0 0 0 0 .166666666666667 .166666666666667 0 0 0 0 0
0 0 0 0 0 0 0 0 0 0 0 0 0 0 0 0 0 0 0 0 0 0 0 0 0 0 0 0 0 0 .333333333333333 0 0 0 0 .333333333333333 0 0 0 0 0 0 0 0 0 .333333333333333 0 0 0
0 0 0 0 0 0 0 0 0 0 0 0 0 0 0 0 0 0 0 .2 0 0 0 0 0 0 0 0 0 0 0 .2 0 0 .2 0 0 0 0 0 .2 0 0 0 0 0 .2 0 0
0 0 0 0 0 0 0 0 0 0 0 0 0 0 0 0 0 0 0 0 0 0 0 0 0 0 0 0 0 0 0 .333333333333333 0 0 0 0 0 0 0 .333333333333333 0 0 0 0 0 0 .333333333333333 0 0
0 0 0 0 0 0 0 0 0 0 0 0 0 0 0 0 0 0 0 0 0 0 0 0 0 0 0 0 0 0 0 0 0 .5 0 .5 0 0 0 0 0 0 0 0 0 0 0 0 0
0 0 0 0 0 0 0 0 0 0 0 0 0 0 0 0 0 0 0 0 0 0 0 0 0 0 0 0 0 0 0 0 0 0 .166666666666667 0 .166666666666667 .166666666666667 0 0 0 0 0 .166666666666667 .166666666666667 0 0 .166666666666667 0
0 0 0 0 0 0 0 0 0 0 0 0 0 0 0 0 0 0 0 0 0 0 0 0 0 0 0 0 0 0 0 0 0 0 .2 0 0 .2 0 0 0 0 .2 0 0 0 0 .2 .2
0 0 0 0 0 0 0 0 0 0 0 0 0 0 0 0 0 0 0 0 0 0 0 0 0 0 0 0 0 0 0 0 0 0 0 0 .25 0 0 0 0 0 .25 0 0 0 0 .25 .25
0 0 0 0 0 0 0 0 0 0 0 0 0 0 0 0 0 0 0 0 0 0 0 0 0 0 0 0 0 0 0 0 0 0 0 .5 0 0 .5 0 0 0 0 0 0 0 0 0 0
0 0 0 0 0 0 0 0 0 0 0 0 0 0 0 0 0 0 0 0 0 0 0 0 0 0 0 0 0 0 0 0 0 0 0 0 0 0 0 .5 .5 0 0 0 0 0 0 0 0
0 0 0 0 0 0 0 0 0 0 0 0 0 0 0 0 0 0 0 0 0 0 0 0 0 0 0 0 0 0 0 0 0 0 0 0 0 0 0 0 0 0 .25 .25 .25 0 0 0 .25
0 0 0 0 0 0 0 0 0 0 0 0 0 0 0 0 0 0 0 0 0 0 0 0 0 0 0 0 0 0 0 0 0 0 0 0 0 0 0 0 0 0 0 .333333333333333 .333333333333333 0 0 .333333333333333 0
